      0/99    0.868G   0.09156    0.0529         0    0.1445        18       640   0.01428   0.06834  0.003729 0.0006065   0.08461   0.03977         0
      1/99    0.849G   0.07682   0.04477         0    0.1216        11       640    0.3163    0.2271    0.1853   0.05464   0.06795    0.0349         0
      2/99    0.849G   0.06467   0.03896         0    0.1036        13       640    0.4507    0.4033    0.3791    0.1361   0.05548   0.03059         0
      3/99    0.849G   0.05685   0.03511         0   0.09195        15       640     0.578    0.4457    0.4841    0.1946   0.05185   0.02834         0
      4/99    0.849G   0.05163   0.03246         0   0.08409        16       640    0.6456    0.4407    0.4939    0.2085   0.05118   0.02814         0
      5/99    0.849G    0.0483   0.03062         0   0.07892        18       640    0.6062    0.4106    0.4597    0.1945   0.05108   0.03089         0
      6/99    0.849G   0.04642   0.02936         0   0.07578        18       640    0.5856    0.4597    0.4872    0.2051   0.04982    0.0301         0
      7/99    0.849G   0.04453   0.02823         0   0.07276        16       640    0.6094    0.4507       0.5    0.2079   0.04969   0.03123         0
      8/99    0.849G   0.04325   0.02712         0   0.07037        17       640    0.6178    0.4519    0.4974    0.2174   0.05015   0.03063         0
      9/99    0.849G   0.04226   0.02648         0   0.06874        13       640    0.6966    0.4222    0.4908    0.2178   0.04963   0.03233         0
     10/99    0.849G   0.04107    0.0258         0   0.06686        20       640    0.6148    0.4513     0.502    0.2118   0.04934   0.03148         0
     11/99    0.849G    0.0401   0.02518         0   0.06528        24       640    0.6121    0.5059    0.5291    0.2334   0.04904   0.03031         0
     12/99    0.849G   0.03937   0.02473         0    0.0641        20       640     0.633    0.4409    0.4803    0.2087    0.0499   0.03321         0
     13/99    0.849G   0.03887    0.0245         0   0.06338        29       640    0.6183    0.4251    0.4535    0.2008   0.04837   0.03381         0
     14/99    0.849G   0.03803   0.02379         0   0.06182        11       640    0.6015    0.4586    0.4824    0.2132   0.04943   0.03408         0
     15/99    0.849G   0.03746    0.0236         0   0.06106        21       640    0.5997    0.4396    0.4705    0.2097   0.04882   0.03453         0
     16/99    0.849G   0.03732   0.02347         0   0.06079        25       640    0.6147    0.4638    0.4894    0.2229    0.0473   0.03374         0
     17/99    0.849G   0.03649   0.02288         0   0.05937        10       640    0.6148    0.4742    0.5034     0.232   0.04766   0.03335         0
     18/99    0.849G   0.03577   0.02238         0   0.05816        23       640    0.6398     0.449    0.4863    0.2193   0.04848   0.03563         0
     19/99    0.849G    0.0357   0.02264         0   0.05834        13       640    0.6242    0.4506    0.4872     0.223   0.04809   0.03491         0
     20/99    0.849G   0.03516   0.02213         0   0.05729        21       640    0.6339    0.4713    0.4972    0.2217   0.04891   0.03471         0
     21/99    0.849G   0.03499     0.022         0     0.057        30       640    0.5814    0.4483    0.4651    0.2078   0.04859   0.03719         0
     22/99    0.849G   0.03455   0.02172         0   0.05627        15       640    0.5736    0.4727    0.4767    0.2158   0.04905   0.03562         0
     23/99    0.849G    0.0342   0.02158         0   0.05578        18       640    0.6538    0.4623    0.4974    0.2233   0.04875   0.03506         0
     24/99    0.849G   0.03385   0.02146         0   0.05532        38       640    0.6164    0.4504    0.4848     0.223   0.04816   0.03621         0
     25/99    0.849G   0.03346   0.02103         0   0.05449        20       640    0.6498    0.4479    0.4892    0.2271   0.04839   0.03625         0
     26/99    0.849G    0.0331   0.02095         0   0.05405         5       640    0.6161    0.4547    0.4844    0.2268   0.04783   0.03643         0
     27/99    0.849G   0.03303   0.02097         0     0.054        23       640    0.6405    0.4589    0.4874    0.2243   0.04808   0.03691         0
     28/99    0.851G   0.03289   0.02102         0   0.05391        26       640    0.6425    0.4588    0.4895     0.229   0.04789   0.03624         0
     29/99    0.851G   0.03245   0.02074         0   0.05319        15       640    0.6343    0.4814    0.5086    0.2305   0.04793   0.03521         0
     30/99    0.851G   0.03226   0.02046         0   0.05272        21       640    0.6164    0.4719    0.4998    0.2343   0.04735   0.03613         0
     31/99    0.851G   0.03207   0.02023         0    0.0523        20       640    0.6119    0.4761    0.4952    0.2327   0.04737   0.03665         0
     32/99    0.851G   0.03188   0.02037         0   0.05226        22       640    0.5959    0.4434    0.4722    0.2217   0.04775    0.0381         0
     33/99    0.851G   0.03151   0.02021         0   0.05172        17       640    0.6421    0.4389    0.4933    0.2299   0.04727   0.03661         0
     34/99    0.851G   0.03131   0.01999         0    0.0513        37       640    0.6628    0.4484    0.4912    0.2298    0.0477   0.03755         0
     35/99    0.851G   0.03103   0.01964         0   0.05067         7       640    0.6336    0.4401    0.4843     0.229   0.04736   0.03808         0
     36/99    0.851G   0.03104   0.01972         0   0.05076        34       640    0.6238    0.4551    0.4942    0.2277   0.04744   0.03743         0
     37/99    0.851G   0.03087    0.0199         0   0.05078        11       640      0.62    0.4526     0.493    0.2305   0.04722   0.03754         0
     38/99    0.851G   0.03072   0.01979         0   0.05051        18       640    0.5844     0.459    0.4764    0.2238   0.04773   0.03866         0
     39/99    0.851G   0.03064   0.01952         0   0.05016        23       640    0.6394    0.4305    0.4785    0.2241   0.04834   0.03852         0
     40/99    0.851G   0.03016   0.01921         0   0.04937        28       640    0.6045    0.4504    0.4786    0.2228   0.04811    0.0385         0
     41/99    0.851G   0.02985    0.0189         0   0.04874        31       640    0.6196     0.456    0.4807    0.2255   0.04787   0.03862         0
     42/99    0.851G   0.02979   0.01922         0   0.04901        17       640    0.6275    0.4683    0.5019    0.2366   0.04776    0.0369         0
     43/99    0.851G   0.02951   0.01887         0   0.04838        13       640       0.6    0.4721    0.4844    0.2246   0.04811   0.03829         0
     44/99    0.851G   0.02953   0.01892         0   0.04845        14       640     0.641     0.457    0.4888    0.2297    0.0482   0.03779         0
     45/99    0.851G   0.02936   0.01888         0   0.04824        32       640     0.634    0.4548    0.4913    0.2288   0.04813   0.03785         0
     46/99    0.851G    0.0291   0.01839         0   0.04749        17       640    0.6227    0.4548    0.4955    0.2316   0.04778   0.03791         0
     47/99    0.851G   0.02897   0.01858         0   0.04755         7       640    0.6315    0.4496    0.4944    0.2316   0.04775   0.03813         0
     48/99    0.851G   0.02886   0.01866         0   0.04752        24       640    0.6079      0.44    0.4791    0.2256   0.04803   0.03876         0
     49/99    0.851G   0.02868   0.01855         0   0.04723        13       640    0.5977     0.461    0.4829    0.2248    0.0483   0.03871         0
     50/99    0.851G   0.02844   0.01825         0   0.04669        24       640    0.5683    0.4721    0.4822    0.2282   0.04787   0.03831         0
     51/99    0.851G   0.02822   0.01818         0    0.0464        10       640    0.6034     0.466    0.4913    0.2324   0.04763   0.03855         0
     52/99    0.851G   0.02804   0.01793         0   0.04597        18       640    0.5665    0.4615    0.4743    0.2255   0.04803   0.03967         0
     53/99    0.851G   0.02791   0.01789         0   0.04579        30       640    0.6146    0.4536    0.4825    0.2304   0.04801   0.03938         0
     54/99    0.851G   0.02792   0.01809         0   0.04601        18       640    0.6226    0.4412    0.4783    0.2268    0.0482   0.03964         0
     55/99    0.851G   0.02771    0.0179         0   0.04561        11       640    0.6207    0.4476    0.4758    0.2284   0.04836   0.03984         0
     56/99    0.851G   0.02746   0.01759         0   0.04505        10       640    0.6148     0.451    0.4783    0.2293   0.04824   0.03965         0
     57/99    0.851G    0.0274   0.01775         0   0.04515        16       640    0.5859    0.4677     0.479    0.2286   0.04812   0.03975         0
     58/99    0.851G   0.02737   0.01798         0   0.04535        17       640    0.5919    0.4637    0.4774    0.2282   0.04827   0.04053         0
     59/99    0.851G   0.02718   0.01762         0    0.0448         7       640    0.6058    0.4562    0.4787    0.2298   0.04832   0.04032         0
     60/99    0.851G     0.027   0.01755         0   0.04454        17       640    0.6149    0.4577    0.4823    0.2323   0.04821   0.03996         0
     61/99    0.851G   0.02685   0.01733         0   0.04418        19       640     0.623    0.4605    0.4878    0.2339   0.04825   0.03983         0
     62/99    0.851G   0.02679   0.01737         0   0.04416        15       640    0.6227    0.4677     0.489    0.2355   0.04835   0.04006         0
     63/99    0.851G   0.02651   0.01725         0   0.04376        20       640    0.6235    0.4671    0.4886    0.2357   0.04825   0.03998         0
     64/99    0.851G    0.0263   0.01705         0   0.04335        13       640    0.6436    0.4454     0.481    0.2328   0.04843   0.04046         0
     65/99    0.851G   0.02638   0.01721         0   0.04358        19       640    0.6399    0.4473    0.4782    0.2321   0.04838   0.04084         0
     66/99    0.851G     0.026   0.01707         0   0.04308        22       640    0.6339    0.4515    0.4767    0.2311   0.04846    0.0409         0
     67/99    0.851G   0.02599    0.0169         0   0.04289        31       640    0.6298    0.4521    0.4736    0.2301    0.0485   0.04111         0
     68/99    0.851G   0.02603   0.01689         0   0.04292        25       640    0.6262    0.4528    0.4723    0.2297   0.04858   0.04105         0
     69/99    0.851G   0.02583    0.0169         0   0.04273        16       640    0.6247    0.4532     0.473    0.2296   0.04856   0.04128         0
     70/99    0.851G   0.02575   0.01676         0   0.04251        21       640    0.6089    0.4584    0.4717    0.2294   0.04861   0.04157         0
     71/99    0.851G   0.02552   0.01667         0   0.04219        22       640    0.6565    0.4402    0.4756     0.232   0.04846   0.04157         0
     72/99    0.851G   0.02548   0.01668         0   0.04215        11       640    0.6456    0.4496    0.4785    0.2334   0.04839   0.04153         0
     73/99    0.851G   0.02543   0.01656         0   0.04199         8       640    0.6415    0.4518     0.479    0.2337   0.04847    0.0417         0
     74/99    0.851G   0.02512   0.01648         0    0.0416        15       640    0.6414    0.4465    0.4772    0.2329   0.04842   0.04184         0
     75/99    0.851G   0.02505    0.0163         0   0.04136        13       640    0.6213    0.4536    0.4776    0.2329   0.04836   0.04177         0
     76/99    0.851G   0.02503   0.01639         0   0.04142        14       640    0.6415    0.4417    0.4767    0.2327    0.0484   0.04181         0
     77/99    0.851G   0.02499   0.01646         0   0.04145        21       640    0.6227    0.4491    0.4758    0.2321   0.04842   0.04191         0
     78/99    0.851G   0.02481   0.01631         0   0.04112        16       640    0.6265    0.4505    0.4772    0.2332   0.04844   0.04186         0
     79/99    0.851G   0.02475   0.01627         0   0.04101        18       640     0.616     0.459     0.478    0.2334   0.04846   0.04185         0
     80/99    0.851G   0.02477   0.01634         0    0.0411        31       640    0.6254    0.4527    0.4773    0.2329   0.04848   0.04193         0
     81/99    0.851G   0.02458   0.01628         0   0.04086        23       640    0.6139    0.4593    0.4768     0.233   0.04849   0.04204         0
     82/99    0.851G   0.02446   0.01593         0   0.04039         8       640    0.6162    0.4566    0.4763     0.233   0.04848   0.04208         0
     83/99    0.851G   0.02449   0.01618         0   0.04067        28       640    0.6169     0.455    0.4763    0.2334   0.04847   0.04212         0
     84/99    0.851G   0.02433   0.01579         0   0.04013         4       640    0.6165    0.4557     0.476    0.2335   0.04848   0.04215         0
     85/99    0.851G   0.02426   0.01568         0   0.03994        23       640    0.6148    0.4566    0.4757    0.2333   0.04851   0.04216         0
     86/99    0.851G   0.02431   0.01599         0   0.04029        31       640    0.6048    0.4623    0.4761    0.2329   0.04852   0.04212         0
     87/99    0.851G   0.02398   0.01579         0   0.03977        13       640    0.6045    0.4637    0.4765    0.2329   0.04854   0.04215         0
     88/99    0.851G   0.02385   0.01557         0   0.03942        13       640    0.6177    0.4573    0.4768    0.2329   0.04855   0.04224         0
     89/99    0.851G   0.02384   0.01582         0   0.03966        27       640     0.598      0.47    0.4772     0.233   0.04855   0.04225         0
     90/99    0.851G    0.0236   0.01548         0   0.03908         3       640    0.6013    0.4677    0.4767    0.2324   0.04856   0.04231         0
     91/99    0.851G   0.02391   0.01564         0   0.03955        17       640    0.6035    0.4659    0.4762    0.2323   0.04858    0.0424         0
     92/99    0.851G   0.02369   0.01553         0   0.03922         5       640    0.6001     0.469    0.4765    0.2326   0.04858   0.04242         0
     93/99    0.851G   0.02377   0.01559         0   0.03936        15       640    0.6127    0.4628    0.4767    0.2324   0.04859   0.04243         0
     94/99    0.851G   0.02347   0.01544         0   0.03891        21       640    0.6005    0.4691    0.4758    0.2321   0.04861   0.04245         0
     95/99    0.851G   0.02356   0.01564         0   0.03919        27       640    0.6071    0.4635    0.4745    0.2314   0.04864   0.04253         0
     96/99    0.851G   0.02348   0.01551         0   0.03898        16       640    0.6085    0.4622    0.4739    0.2309   0.04867    0.0426         0
     97/99    0.851G    0.0233   0.01528         0   0.03859        11       640    0.6168    0.4573    0.4737    0.2309   0.04866   0.04262         0
     98/99    0.851G   0.02323   0.01515         0   0.03839        16       640    0.6146    0.4576    0.4733    0.2304   0.04867    0.0427         0
     99/99    0.851G   0.02315   0.01521         0   0.03837        16       640    0.6129    0.4578    0.4726    0.2301   0.04868   0.04276         0
